AGE_DIFFS_DAYS
2
2
2
2399
2399
2399
2399
2399
2399
2399
2
4750
2
2399
10
2399
2399
2399
3285
2
2399
2399
2
2399
2
2
2
2
520
2
2
2
762
1985
2
2
117
2
431
5115
4655
2
2
489
2
197
15
41
2
6
2
1128
2
6
17
7
2402
41
2
1
195
2
2
2
2
195
3268
2
63
2
2
2399
2
2
2
2399
1424
2
698
259
2455
2
2
2
2
2
2
2737
2
806
4357
58
2
2
2
482
2
2
2
2
354
2862
2797
2
17
10
2
232
232
1
3268
2
2
5115
2
2
2
2
2
1
112
3027
11
2
153
2
2
2
2
3480
2
2
2
2
2
3758
2
2
2
2
21
36
103
2
4
59
9
2
2
2
2
2
0
2431
5115
2
3268
2
2
2
2
2
2
2
1
2185
2
2
1662
2573
3170
35
2
2
2
2
2
922
2
2
2
2
3268
5
3268
15
0
2
2
1260
2
159
2
2
5115
2
5115
2
2
2
2
2
1259
3802
2973
479
1
1018
5115
1
5115
18
12
5115
67
1
5
85
550
2399
2
2966
2185
2372
868
1
2399
1521
3917
3647
2399
2
1672
2
1223
2
73
812
2
38
2
1403
1662
17
2
156
20
2
2
2215
4194
2
2
2
141
2225
2
2
2
49
1
76
1930
1
2
2
58
2
2
2
2
160
2
2
2721
2399
6
2
2
2
5115
5115
2
2
2
324
23
2
2
2
2
2
2
2
1
2832
3165
2
2
2028
1610
690
45
2
2
3268
152
2
2
137
2
2
2
1
38
2
2
2
2
2
347
1
155
89
112
261
2399
1010
347
2
2399
2
2808
2399
4706
2
2
2
2399
2
2
2
347
2
2
2399
2399
2
2
159
2
2
4129
2
2
2
4893
2
2
2
2
2
2
0
1106
2
2
2
2
2
115
2
2682
342
2399
2
2
2
2
2
3349
3349
0
2
1122
2
2
2
2399
2
2
2161
2
2
2
2
2
2
2
2
2
1303
825
2
2
159
3268
2399
2
2
2
29
2
2
14
2
2
2
2
2
2
2
2
2
2
2
2
2
2
2
2
2
1106
1106
2
2
2
2
2399
2
1217
2
1705
1594
2
2399
2
1463
2
106
3103
3103
2
2506
2
2
195
2
1672
2
2
2
2
161
2
2
2
2
2
2
1262
2
2
2
2
171
1
2
2399
2
2
2
2
2
2
2
2
2
2
366
1
2
2
306
2
2
2
122
2
2
2
2
2
2
2
2
2
112
2
1
2
2
2
2
2
2
2
2
2
2
2
2
88
121
1342
1008
1013
2
2
2
2122
2
2
2
1776
2
5392
1
2
2
88
88
2
2399
18
5115
2
2
2399
2399
0
3125
752
15
117
61
4443
2
159
2399
1426
18
125
672
2
2
1729
3195
355
2
1
1277
2
2
86
1
2
2
148
967
987
2
2
2
2085
58
58
2
2
2
2
2
2
2
2
2
384
2
4706
2
28
2
3505
2
2
2
2
2215
1
2
2
52
2
2
2
2
4904
2
2
1
474
2
2
2
2212
100
2
2
2
2
2
2
2
2
2
2
2
2
2
2399
59
2
2
2
2
2399
2
616
616
2
2
2
2
3025
2
2
2112
2
2
2
5115
2
1483
2
98
98
2
2
2
2
2
2
1
2
1795
1281
2
2
2
2
1
1
2
2
2
1099
2
2
2
2
2
2
2
2
2
2
2
5115
348
19
2
2
2
2
462
2399
2399
311
2
2
2505
2399
100
100
1
1447
456
2
2
279
2
2
2
188
188
2
2
2
2399
2
2
2399
2
2
2
2
2
2
2
2
2
2
2
2399
2
5115
2
2
2
2
2
2
2
2
2
2
1580
787
2
2
2
27
2
2
2
2
2399
2646
2
2
2
2
177
2
2
2
2
2
2212
2
2
644
2
2
2
2
2
2
1
1
177
2
2
5370
2
2
2
1
2
0
2
14
2449
231
514
237
1
1
3264
820
237
237
762
1407
762
237
4750
236
237
159
237
5115
1
56
13
2399
85
999
2716
237
2715
1794
237
237
919
1
1736
237
512
4
26
501
195
762
2612
3147
62
237
2399
1240
1
97
100
237
237
237
237
2022
840
237
3650
1800
2240
2399
5
2399
944
2399
2399
2399
2142
2399
195
1593
347
76
1672
2399
2399
2399
752
829
2399
2399
2399
910
1
1
2399
2399
1
2399
117
237
1
730
237
22
1977
2399
5115
2399
2329
1
2399
678
678
258
1
3961
1046
3147
710
72
618
100
237
237
237
237
0
0
1079
237
81
2
2899
2399
1092
1
5115
5115
2150
2212
1235
0
0
1253
70
12
237
5115
2399
1
1862
237
12
1
5115
237
2681
2662
1
1451
237
2399
3320
1
1
2
2
2399
221
22
5115
0
2161
274
274
237
1944
237
2399
49
1578
31
1
2399
32
1
237
6
2399
5
237
237
0
2039
1978
103
5299
4180
7
237
892
1409
1843
237
943
2
237
427
237
1
1
237
5115
1133
1136
2399
237
126
3777
7
2399
2399
2399
237
5906
1
1358
446
237
2399
1
2
1513
26
2121
15
2399
580
58
1434
237
186
1082
1
1
195
15
1769
780
22
2399
4508
1437
177
459
237
1
237
943
327
0
2452
844
237
237
2399
1321
1321
2944
1461
237
2399
237
1217
1224
237
237
237
237
237
3336
5115
2399
1
237
119
1
1
1461
4750
46
237
195
237
0
0
1
1314
529
1
237
875
2
237
1
2399
243
2399
65
264
857
237
237
237
237
1452
5391
177
9
0
1
58
1
5115
237
2399
237
237
1757
2399
237
419
0
237
2212
2212
3717
2399
28
1141
1
2399
2399
159
1694
12
177
1
1291
237
1978
930
2496
2399
0
75
883
4040
2399
2399
231
2399
5
2088
5
5
615
5
5
5
5
5
5
5
510
5
5
5
1124
2185
5
5
5
20
5
4402
5
5
355
374
1124
5
58
5
5
5
5
5
5
5
5
5
5
5
5
603
5
1124
1124
1124
1416
5
5
4023
2905
5
5
5
741
179
5
3097
5
1124
5
39
1041
1124
5
1124
1124
13
1124
1124
134
93
174
1095
1130
1124
1124
1124
1124
1124
285
195
1124
5115
0
1124
317
98
58
1060
4176
1124
271
99
2278
228
69
4855
572
1
279
890
1124
35
2411
1252
159
13
1124
425
2121
218
5115
810
1
305
3
155
5
5
1085
13
5
1124
741
11
1
0
20
5115
723
2505
1722
1124
1124
4750
1124
743
1649
4750
4508
1
73
1259
1124
1483
279
1
1054
262
1124
5
0
1124
1124
1124
526
1124
1
1124
1252
1
1
72
376
3066
0
1124
177
5
5
28
5
1124
5
5
2088
5
1
5
5
5
5
5
5
5
1979
5
5
5
5
5
5
5
5
5
5
5
5
5
5
5
5
1124
1124
2407
1
1124
3432
1124
85
794
1124
74
2124
1052
1124
67
5115
89
1124
1
1551
58
2288
1
906
299
1124
5
1124
2199
1
5115
286
286
1
1124
7
1124
1
1321
5
1
1124
3702
31
2088
0
1
0
0
1494
510
3602
2991
41
666
5
5
5
5
5
5
5
5
5
5
5
5
1461
5
1952
5
5
5
5
5
1226
5
5
1370
1048
1252
5
5
5
5
5
5
762
5
5
5
20
5
5
424
5
5
5
2563
85
5
5
5
5
5
5
399
5
694
5
5
5
4750
5
5
5
5
5
144
5
5
5
5
5
1
2665
1
2088
5115
5
218
1124
551
599
5
5
144
5
1124
5
722
5
1124
1124
580
5115
5
148
2
5
1899
1124
31
2183
226
5115
3125
1124
949
4691
633
0
1584
36
1146
1124
670
1072
3268
518
25
300
1390
54
483
1124
179
1934
349
1
1360
1
1
1271
1063
1124
0
720
38
206
1124
1124
2082
2
5115
1124
1124
1124
1124
1124
93
56
4
1124
719
160
1124
123
25
1421
1
1124
1124
382
1124
504
4
177
543
0
16
1253
2294
2560
2161
247
3268
2675
543
1
916
2640
1124
3776
1124
1124
1124
1124
1124
25
1124
1124
2040
1190
2096
1530
4037
2449
1124
1124
4691
1124
8
1
2142
4586
1
269
1124
1124
1124
5115
4586
16
382
13
2637
168
512
545
5
1371
1124
1305
86
3
1124
5
1241
4
1374
22
547
5115
704
1124
148
657
90
1247
3165
1
1124
1181
3830
0
3547
1124
1
1
279
5
195
195
69
69
1614
1
2045
243
126
126
1668
5115
195
7
1124
846
5042
24
738
71
